%YAML:1.0
---
R: !!opencv-matrix
   rows: 3
   cols: 3
   dt: d
   data: [ 9.9998525735167265e-01, 3.5313918768945267e-03,
       4.1248455390295131e-03, -3.5019931661334864e-03,
       9.9996857130569883e-01, -7.1128366144603368e-03,
       -4.1498341139619881e-03, 7.0982865715224957e-03,
       9.9996619603093340e-01 ]
T: !!opencv-matrix
   rows: 3
   cols: 1
   dt: d
   data: [ -6.6541610873674543e+01, 7.3831152646863141e-01,
       -9.7022698269835089e-02 ]
Rl: !!opencv-matrix
   rows: 3
   cols: 3
   dt: d
   data: [ 9.9995544974728390e-01, -7.5529228542004405e-03,
       5.6614377207032532e-03, 7.5729172115112375e-03,
       9.9996513459229952e-01, -3.5185969805841539e-03,
       -5.6346646408196067e-03, 3.5613138253564572e-03,
       9.9997778355232614e-01 ]
Rr: !!opencv-matrix
   rows: 3
   cols: 3
   dt: d
   data: [ 9.9993738798145804e-01, -1.1094791508653726e-02,
       1.4579842929701922e-03, 1.1089560651067499e-02,
       9.9993221389488529e-01, 3.5481346986270491e-03,
       -1.4972512766195717e-03, -3.5317441375063321e-03,
       9.9999264248391440e-01 ]
Pl: !!opencv-matrix
   rows: 3
   cols: 4
   dt: d
   data: [ 4.4828830768891373e+02, 0., 3.3378979873657227e+02, 0., 0.,
       4.4828830768891373e+02, 2.4358530807495117e+02, 0., 0., 0., 1.,
       0. ]
Pr: !!opencv-matrix
   rows: 3
   cols: 4
   dt: d
   data: [ 4.4828830768891373e+02, 0., 3.3378979873657227e+02,
       -2.9831693952028647e+04, 0., 4.4828830768891373e+02,
       2.4358530807495117e+02, 0., 0., 0., 1., 0. ]
Q: !!opencv-matrix
   rows: 4
   cols: 4
   dt: d
   data: [ 1., 0., 0., -3.3378979873657227e+02, 0., 1., 0.,
       -2.4358530807495117e+02, 0., 0., 0., 4.4828830768891373e+02, 0.,
       0., 1.5027249488741444e-02, 0. ]
