%YAML:1.0
---
cameraMatrixL: !!opencv-matrix
   rows: 3
   cols: 3
   dt: d
   data: [ 5.3340329869604659e+02, 0., 3.4251343404573373e+02, 0.,
       5.3343400759599933e+02, 2.3475339203381117e+02, 0., 0., 1. ]
cameraDistcoeffL: !!opencv-matrix
   rows: 5
   cols: 1
   dt: d
   data: [ -2.8214576118339985e-01, 4.0836140986268463e-02,
       1.2057928186359275e-03, -1.2305215481969804e-04,
       1.1410345013840399e-01 ]
cameraMatrixR: !!opencv-matrix
   rows: 3
   cols: 3
   dt: d
   data: [ 5.3699963439301496e+02, 0., 3.2744780332895726e+02, 0.,
       5.3658498337541403e+02, 2.4990025254826142e+02, 0., 0., 1. ]
cameraDistcoeffR: !!opencv-matrix
   rows: 5
   cols: 1
   dt: d
   data: [ -2.9611668909590677e-01, 1.3890771923856010e-01,
       -5.0433446826895513e-04, 9.4752799971348323e-05,
       -4.9056228522784691e-02 ]
